{
  "nbformat": 4,
  "nbformat_minor": 0,
  "metadata": {
    "colab": {
      "name": "task_2_logistic_diabetes.ipynb",
      "provenance": [],
      "collapsed_sections": []
    },
    "kernelspec": {
      "display_name": "Python 3",
      "language": "python",
      "name": "python3"
    },
    "language_info": {
      "codemirror_mode": {
        "name": "ipython",
        "version": 3
      },
      "file_extension": ".py",
      "mimetype": "text/x-python",
      "name": "python",
      "nbconvert_exporter": "python",
      "pygments_lexer": "ipython3",
      "version": "3.7.3"
    },
    "toc": {
      "base_numbering": 1,
      "nav_menu": {},
      "number_sections": true,
      "sideBar": true,
      "skip_h1_title": false,
      "title_cell": "Table of Contents",
      "title_sidebar": "Contents",
      "toc_cell": false,
      "toc_position": {},
      "toc_section_display": true,
      "toc_window_display": false
    }
  },
  "cells": [
    {
      "cell_type": "markdown",
      "metadata": {
        "colab_type": "text",
        "id": "BHdMfFcnf_Ki"
      },
      "source": [
        "## Logistic Regression Modeling for Early Stage Diabetes Risk Prediction"
      ]
    },
    {
      "cell_type": "markdown",
      "metadata": {
        "id": "94zrEAhOKeQ-",
        "colab_type": "text"
      },
      "source": [
        "## Part 2.1: Getting familiar with linear algebraic functions"
      ]
    },
    {
      "cell_type": "markdown",
      "metadata": {
        "id": "0mu4NxtEKeQ_",
        "colab_type": "text"
      },
      "source": [
        "#### Tasks\n",
        "- Create matrix of size 10*10 with random integer numbers\n",
        "- Compute the following linear algebric operations on the matrix using built in functions supported in Numpy, Scipy etc.\n",
        "  - Find inverse of the matrix and print it\n",
        "  - Calculate dot product of the matrix with same matrix in transpose A.AT\n",
        "  - Decompose the original matrix using eigen decomposition print the eigen values and eigen vectors\n",
        "  - Calculate jacobian matrix \n",
        "  - Calculate hessian matrix"
      ]
    },
    {
      "cell_type": "code",
      "metadata": {
        "id": "gspb2PwvOUuL",
        "colab_type": "code",
        "colab": {
          "base_uri": "https://localhost:8080/",
          "height": 34
        },
        "outputId": "3074474d-4c9e-416e-db29-3387abf976ae"
      },
      "source": [
        "pip install numdifftools"
      ],
      "execution_count": 15,
      "outputs": [
        {
          "output_type": "stream",
          "text": [
            "Requirement already satisfied: numdifftools in /usr/local/lib/python3.6/dist-packages (0.9.39)\n"
          ],
          "name": "stdout"
        }
      ]
    },
    {
      "cell_type": "code",
      "metadata": {
        "id": "2odcpahRKeRA",
        "colab_type": "code",
        "colab": {}
      },
      "source": [
        "import numpy as np\n",
        "import numpy.linalg as lg\n",
        "import numdifftools as nd\n",
        "import sympy as sym"
      ],
      "execution_count": 16,
      "outputs": []
    },
    {
      "cell_type": "code",
      "metadata": {
        "id": "r29b-DwQKeRD",
        "colab_type": "code",
        "colab": {
          "base_uri": "https://localhost:8080/",
          "height": 185
        },
        "outputId": "9969236b-7e9e-45fb-c7e1-55c6d7c9de7f"
      },
      "source": [
        "mat = np.random.randint(100, size=(10, 10))\n",
        "mat"
      ],
      "execution_count": 17,
      "outputs": [
        {
          "output_type": "execute_result",
          "data": {
            "text/plain": [
              "array([[95, 20, 83, 76, 53, 40, 72, 87, 11, 23],\n",
              "       [61, 38, 43, 22, 42, 57, 43, 64, 79, 89],\n",
              "       [43, 64, 56, 97,  0, 15, 38, 98, 67, 84],\n",
              "       [48, 41, 33, 72, 63, 49,  1, 14, 32,  8],\n",
              "       [16, 19, 69,  9, 36, 27, 62, 11,  3, 90],\n",
              "       [26, 83, 18,  1, 62, 60, 82, 60, 97,  6],\n",
              "       [24, 99, 49, 60, 30, 13, 28, 48,  3, 62],\n",
              "       [12, 79, 55, 99, 83, 11, 76, 61, 12,  0],\n",
              "       [52, 97, 25, 29,  2, 68, 64, 65, 15, 23],\n",
              "       [87, 76, 46, 26, 46, 88, 72, 11, 33, 70]])"
            ]
          },
          "metadata": {
            "tags": []
          },
          "execution_count": 17
        }
      ]
    },
    {
      "cell_type": "code",
      "metadata": {
        "id": "EChxATMWKeRG",
        "colab_type": "code",
        "colab": {
          "base_uri": "https://localhost:8080/",
          "height": 353
        },
        "outputId": "c5661365-66ce-4b98-a002-8c00a6692495"
      },
      "source": [
        "inv = lg.inv(mat)\n",
        "inv"
      ],
      "execution_count": 18,
      "outputs": [
        {
          "output_type": "execute_result",
          "data": {
            "text/plain": [
              "array([[ 0.01019044, -0.0010478 , -0.00060942, -0.01063625, -0.01576873,\n",
              "         0.0009914 ,  0.00977427, -0.00389072, -0.01392551,  0.01603822],\n",
              "       [ 0.00111341, -0.00959148,  0.00017607, -0.00035013, -0.00270928,\n",
              "         0.00773284,  0.01438026, -0.0069147 , -0.0035374 ,  0.0029038 ],\n",
              "       [ 0.01406608, -0.03500401,  0.00816283,  0.0189987 ,  0.02321253,\n",
              "         0.02267923,  0.01188142, -0.02969946, -0.00433023, -0.01297266],\n",
              "       [-0.00687823,  0.00078193,  0.007785  ,  0.00281269, -0.00187457,\n",
              "        -0.00920315, -0.01242903,  0.01124753,  0.00269522,  0.00492436],\n",
              "       [-0.00157491,  0.01987028, -0.01371566, -0.00274811, -0.00651873,\n",
              "        -0.005914  ,  0.00417878,  0.01180848, -0.00351506, -0.00163142],\n",
              "       [-0.0083436 ,  0.00627786, -0.00325896,  0.01727326,  0.01341269,\n",
              "        -0.0067287 , -0.01617692,  0.00092945,  0.02345368, -0.01334994],\n",
              "       [-0.00226648, -0.00135996,  0.00420905, -0.0134849 , -0.00201125,\n",
              "        -0.00209115, -0.01130414,  0.01208612, -0.00188472,  0.0123607 ],\n",
              "       [ 0.00119113,  0.01907862, -0.00824339, -0.00252963, -0.0026419 ,\n",
              "        -0.00657921,  0.0002603 ,  0.00528945,  0.01181674, -0.01461984],\n",
              "       [ 0.00159642, -0.01338493,  0.01091163,  0.00409646,  0.00163972,\n",
              "         0.01384167, -0.00016591, -0.00988461, -0.01049389,  0.00323163],\n",
              "       [-0.00764726,  0.01818908, -0.00275731, -0.00750264, -0.00288496,\n",
              "        -0.01210831, -0.00169709,  0.01015106,  0.00084656,  0.00381055]])"
            ]
          },
          "metadata": {
            "tags": []
          },
          "execution_count": 18
        }
      ]
    },
    {
      "cell_type": "code",
      "metadata": {
        "id": "R7oxPXV9KeRI",
        "colab_type": "code",
        "colab": {
          "base_uri": "https://localhost:8080/",
          "height": 353
        },
        "outputId": "e15d38ce-4725-4440-b98a-85e94197f981"
      },
      "source": [
        "np.dot(mat,mat.T)"
      ],
      "execution_count": 19,
      "outputs": [
        {
          "output_type": "execute_result",
          "data": {
            "text/plain": [
              "array([[39902, 27882, 31916, 20716, 18823, 23715, 22648, 30559, 24942,\n",
              "        29651],\n",
              "       [27882, 32618, 31127, 17107, 19531, 27123, 20685, 20510, 22675,\n",
              "        30330],\n",
              "       [31916, 31127, 41308, 18481, 18241, 24434, 27304, 28090, 25416,\n",
              "        26928],\n",
              "       [20716, 17107, 18481, 17913,  9095, 16237, 14967, 19840, 14482,\n",
              "        19734],\n",
              "       [18823, 19531, 18241,  9095, 19558, 13671, 15470, 15083, 13367,\n",
              "        21260],\n",
              "       [23715, 27123, 24434, 16237, 13671, 35103, 18262, 24820, 24827,\n",
              "        27741],\n",
              "       [22648, 20685, 27304, 14967, 15470, 18262, 24388, 24469, 21143,\n",
              "        22933],\n",
              "       [30559, 20510, 28090, 19840, 15083, 24820, 24469, 35862, 22456,\n",
              "        23477],\n",
              "       [24942, 22675, 25416, 14482, 13367, 24827, 21143, 22456, 27282,\n",
              "        27304],\n",
              "       [29651, 30330, 26928, 19734, 21260, 27741, 22933, 23477, 27304,\n",
              "        37291]])"
            ]
          },
          "metadata": {
            "tags": []
          },
          "execution_count": 19
        }
      ]
    },
    {
      "cell_type": "code",
      "metadata": {
        "id": "v2eoU-wtKeRK",
        "colab_type": "code",
        "colab": {
          "base_uri": "https://localhost:8080/",
          "height": 118
        },
        "outputId": "5b5a3181-e7af-458d-dfad-3af8bb309b06"
      },
      "source": [
        "eigen = lg.eig(mat)\n",
        "print(\"eigen Values\")\n",
        "print(eigen[0])"
      ],
      "execution_count": 20,
      "outputs": [
        {
          "output_type": "stream",
          "text": [
            "eigen Values\n",
            "[477.97971537 +0.j          30.26362585+77.05736066j\n",
            "  30.26362585-77.05736066j  59.87804969+13.65867616j\n",
            "  59.87804969-13.65867616j   2.57978718+57.33714713j\n",
            "   2.57978718-57.33714713j -36.83469227+20.36049473j\n",
            " -36.83469227-20.36049473j -58.75325625 +0.j        ]\n"
          ],
          "name": "stdout"
        }
      ]
    },
    {
      "cell_type": "code",
      "metadata": {
        "id": "fP8lBLVqM5zl",
        "colab_type": "code",
        "colab": {
          "base_uri": "https://localhost:8080/",
          "height": 706
        },
        "outputId": "2d14bd39-7dfb-4022-da1c-ec20c03ad1e7"
      },
      "source": [
        "print(\"Eigen Vectors\")\n",
        "print(eigen[1])"
      ],
      "execution_count": 21,
      "outputs": [
        {
          "output_type": "stream",
          "text": [
            "Eigen Vectors\n",
            "[[ 0.36056068+0.j          0.10737013-0.37768017j  0.10737013+0.37768017j\n",
            "   0.68088271+0.j          0.68088271-0.j         -0.17163426+0.01326332j\n",
            "  -0.17163426-0.01326332j  0.12729154-0.09587795j  0.12729154+0.09587795j\n",
            "  -0.01781335+0.j        ]\n",
            " [ 0.36085524+0.j         -0.17268026-0.03985245j -0.17268026+0.03985245j\n",
            "  -0.06903844-0.0442612j  -0.06903844+0.0442612j   0.03618919+0.08343467j\n",
            "   0.03618919-0.08343467j  0.37342922-0.14202134j  0.37342922+0.14202134j\n",
            "   0.39475665+0.j        ]\n",
            " [ 0.37057865+0.j         -0.2477251 +0.06774681j -0.2477251 -0.06774681j\n",
            "   0.03741142+0.16449887j  0.03741142-0.16449887j  0.66018061+0.j\n",
            "   0.66018061-0.j          0.53076747+0.j          0.53076747-0.j\n",
            "   0.49327048+0.j        ]\n",
            " [ 0.22573076+0.j         -0.12014852-0.02410265j -0.12014852+0.02410265j\n",
            "  -0.07241493+0.10374532j -0.07241493-0.10374532j -0.129957  +0.20569049j\n",
            "  -0.129957  -0.20569049j -0.30589611-0.0611965j  -0.30589611+0.0611965j\n",
            "  -0.24176551+0.j        ]\n",
            " [ 0.23562478+0.j          0.23835861+0.39849748j  0.23835861-0.39849748j\n",
            "   0.07959718-0.15666726j  0.07959718+0.15666726j -0.20537101-0.48401772j\n",
            "  -0.20537101+0.48401772j  0.07262711-0.01703313j  0.07262711+0.01703313j\n",
            "  -0.00083815+0.j        ]\n",
            " [ 0.31708559+0.j          0.05797081-0.19996985j  0.05797081+0.19996985j\n",
            "  -0.60529846+0.05259299j -0.60529846-0.05259299j -0.14181902-0.03386465j\n",
            "  -0.14181902+0.03386465j -0.07719937+0.20495756j -0.07719937-0.20495756j\n",
            "   0.32583155+0.j        ]\n",
            " [ 0.27936984+0.j          0.05394718+0.22821691j  0.05394718-0.22821691j\n",
            "   0.063581  -0.06424974j  0.063581  +0.06424974j  0.11267386-0.02322583j\n",
            "   0.11267386+0.02322583j -0.39368075-0.19196117j -0.39368075+0.19196117j\n",
            "  -0.44846429+0.j        ]\n",
            " [ 0.29593984+0.j          0.50854266+0.j          0.50854266-0.j\n",
            "  -0.04458307+0.02008885j -0.04458307-0.02008885j -0.25335438-0.03066548j\n",
            "  -0.25335438+0.03066548j -0.11383461+0.31793203j -0.11383461-0.31793203j\n",
            "   0.01372674+0.j        ]\n",
            " [ 0.29671191+0.j         -0.18994195-0.22437997j -0.18994195+0.22437997j\n",
            "  -0.21749271+0.07123046j -0.21749271-0.07123046j  0.19652932+0.20517951j\n",
            "   0.19652932-0.20517951j -0.04435854-0.10379766j -0.04435854+0.10379766j\n",
            "  -0.43685184+0.j        ]\n",
            " [ 0.37652148+0.j         -0.24745764+0.11496339j -0.24745764-0.11496339j\n",
            "   0.06747082-0.13297866j  0.06747082+0.13297866j -0.09631014+0.03142255j\n",
            "  -0.09631014-0.03142255j -0.22296483+0.11871585j -0.22296483-0.11871585j\n",
            "  -0.20920915+0.j        ]]\n"
          ],
          "name": "stdout"
        }
      ]
    },
    {
      "cell_type": "code",
      "metadata": {
        "id": "P7Ibor3uNKaJ",
        "colab_type": "code",
        "colab": {}
      },
      "source": [
        "x1, x2 = sym.symbols('x1 x2')\n",
        "f = sym.symbols('f', cls=sym.Function)\n",
        "\n",
        "X = sym.Matrix([x1,x2])\n",
        "f = sym.Matrix([x1**2 + x2**2 - 10])"
      ],
      "execution_count": 53,
      "outputs": []
    },
    {
      "cell_type": "code",
      "metadata": {
        "id": "p53QgKANvPVX",
        "colab_type": "code",
        "colab": {
          "base_uri": "https://localhost:8080/",
          "height": 38
        },
        "outputId": "786da528-13ad-4c89-b710-da5c3a53ebbb"
      },
      "source": [
        "sym.simplify(f.jacobian(X))"
      ],
      "execution_count": 49,
      "outputs": [
        {
          "output_type": "execute_result",
          "data": {
            "text/latex": "$$\\left[\\begin{matrix}2 x_{1} & 2 x_{2}\\end{matrix}\\right]$$",
            "text/plain": [
              "[2⋅x₁  2⋅x₂]"
            ]
          },
          "metadata": {
            "tags": []
          },
          "execution_count": 49
        }
      ]
    },
    {
      "cell_type": "code",
      "metadata": {
        "id": "al0yNPWaOZXU",
        "colab_type": "code",
        "colab": {
          "base_uri": "https://localhost:8080/",
          "height": 58
        },
        "outputId": "3a3be301-de6f-4f1c-ee8d-ab2fdef864fb"
      },
      "source": [
        "sym.simplify(hessian(f, X))"
      ],
      "execution_count": 54,
      "outputs": [
        {
          "output_type": "execute_result",
          "data": {
            "text/latex": "$$\\left[\\begin{matrix}2 & 0\\\\0 & 2\\end{matrix}\\right]$$",
            "text/plain": [
              "⎡2  0⎤\n",
              "⎢    ⎥\n",
              "⎣0  2⎦"
            ]
          },
          "metadata": {
            "tags": []
          },
          "execution_count": 54
        }
      ]
    },
    {
      "cell_type": "markdown",
      "metadata": {
        "id": "r6Qx6aadKeRQ",
        "colab_type": "text"
      },
      "source": [
        "## Part 2.2: Logistic Regression using newton method"
      ]
    },
    {
      "cell_type": "markdown",
      "metadata": {
        "colab_type": "text",
        "id": "1LWrifqkf_Kj"
      },
      "source": [
        "### Logistic regression\n",
        "Logistic regression uses an equation as the representation, very much like linear regression.\n",
        "\n",
        "Input values (x) are combined linearly using weights or coefficient values (referred to as W) to predict an output value (y). A key difference from linear regression is that the output value being modeled is a binary values (0 or 1) rather than a continuous value.<br>\n",
        "\n",
        "###  $\\hat{y}(w, x) = \\frac{1}{1+exp^{-(w_0 + w_1 * x_1 + ... + w_p * x_p)}}$\n",
        "\n",
        "#### Dataset\n",
        "The dataset is available at <strong>\"data/diabetes_data.csv\"</strong> in the respective challenge's repo.<br>\n",
        "<strong>Original Source:</strong> http://archive.ics.uci.edu/ml/machine-learning-databases/00529/diabetes_data_upload.csv. The dataset just got released in July 2020.<br><br>\n",
        "\n",
        "#### Features (X)\n",
        "\n",
        "1. Age                - Values ranging from 16-90\n",
        "2. Gender             - Binary value (Male/Female)\n",
        "3. Polyuria           - Binary value (Yes/No)\n",
        "4. Polydipsia         - Binary value (Yes/No)\n",
        "5. sudden weight loss - Binary value (Yes/No)\n",
        "6. weakness           - Binary value (Yes/No)\n",
        "7. Polyphagia         - Binary value (Yes/No)\n",
        "8. Genital thrush     - Binary value (Yes/No)\n",
        "9. visual blurring    - Binary value (Yes/No)\n",
        "10. Itching           - Binary value (Yes/No)\n",
        "11. Irritability      - Binary value (Yes/No)\n",
        "12. delayed healing   - Binary value (Yes/No)\n",
        "13. partial paresis   - Binary value (Yes/No)\n",
        "14. muscle stiffness  - Binary value (Yes/No)\n",
        "15. Alopecia          - Binary value (Yes/No)\n",
        "16. Obesity           - Binary value (Yes/No)\n",
        "\n",
        "#### Output/Target target (Y) \n",
        "17. class - Binary class (Positive/Negative)\n",
        "\n",
        "#### Objective\n",
        "To learn logistic regression and practice handling of both numerical and categorical features\n",
        "\n",
        "#### Tasks\n",
        "- Download, load the data and print first 5 and last 5 rows\n",
        "- Transform categorical features into numerical features. Use label encoding or any other suitable preprocessing technique\n",
        "- Since the age feature is in larger range, age column can be normalized into smaller scale (like 0 to 1) using different methods such as scaling, standardizing or any other suitable preprocessing technique (Example - sklearn.preprocessing.MinMaxScaler class)\n",
        "- Define X matrix (independent features) and y vector (target feature)\n",
        "- Split the dataset into 60% for training and rest 40% for testing (sklearn.model_selection.train_test_split function)\n",
        "- Train Logistic Regression Model on the training set (sklearn.linear_model.LogisticRegression class)\n",
        "- Use the trained model to predict on testing set\n",
        "- Print 'Accuracy' obtained on the testing dataset i.e. (sklearn.metrics.accuracy_score function)\n",
        "\n",
        "#### Further fun (will not be evaluated)\n",
        "- Plot loss curve (Loss vs number of iterations)\n",
        "- Preprocess data with different feature scaling methods (i.e. scaling, normalization, standardization, etc) and observe accuracies on both X_train and X_test\n",
        "- Training model on different train-test splits such as 60-40, 50-50, 70-30, 80-20, 90-10, 95-5 etc. and observe accuracies on both X_train and X_test\n",
        "- Shuffling of training samples with different *random seed values* in the train_test_split function. Check the model error for the testing data for each setup.\n",
        "- Print other classification metrics such as:\n",
        "    - classification report (sklearn.metrics.classification_report),\n",
        "    - confusion matrix (sklearn.metrics.confusion_matrix),\n",
        "    - precision, recall and f1 scores (sklearn.metrics.precision_recall_fscore_support)\n",
        "\n",
        "#### Helpful links\n",
        "- Scikit-learn documentation for logistic regression: https://scikit-learn.org/stable/modules/generated/sklearn.linear_model.LogisticRegression.html\n",
        "- How Logistic Regression works: https://machinelearningmastery.com/logistic-regression-for-machine-learning/\n",
        "- Feature Scaling: https://scikit-learn.org/stable/modules/preprocessing.html\n",
        "- Training testing splitting: https://scikit-learn.org/stable/modules/generated/sklearn.model_selection.train_test_split.html\n",
        "- Classification metrics in sklearn: https://scikit-learn.org/stable/modules/classes.html#module-sklearn.metrics\n",
        "- Use slack for doubts: https://join.slack.com/t/deepconnectai/shared_invite/zt-givlfnf6-~cn3SQ43k0BGDrG9_YOn4g"
      ]
    },
    {
      "cell_type": "code",
      "metadata": {
        "colab_type": "code",
        "id": "-i4VgviHf_Kk",
        "colab": {}
      },
      "source": [
        "import numpy as np\n",
        "import pandas as pd\n",
        "from sklearn.model_selection import train_test_split\n",
        "from sklearn.linear_model import LogisticRegression\n",
        "from sklearn.metrics import accuracy_score\n",
        "from sklearn import preprocessing\n",
        "import matplotlib.pyplot as plt"
      ],
      "execution_count": 24,
      "outputs": []
    },
    {
      "cell_type": "code",
      "metadata": {
        "colab_type": "code",
        "id": "ooYDzG4SnErt",
        "colab": {
          "base_uri": "https://localhost:8080/",
          "height": 286
        },
        "outputId": "6d1294c7-e568-45a1-8428-9fcc0dc0605f"
      },
      "source": [
        "# Download the dataset from the source\n",
        "!wget https://github.com/DeepConnectAI/challenge-week-3/raw/master/data/diabetes_data.csv"
      ],
      "execution_count": 25,
      "outputs": [
        {
          "output_type": "stream",
          "text": [
            "--2020-08-30 14:18:36--  https://github.com/DeepConnectAI/challenge-week-3/raw/master/data/diabetes_data.csv\n",
            "Resolving github.com (github.com)... 140.82.112.4\n",
            "Connecting to github.com (github.com)|140.82.112.4|:443... connected.\n",
            "HTTP request sent, awaiting response... 302 Found\n",
            "Location: https://raw.githubusercontent.com/DeepConnectAI/challenge-week-3/master/data/diabetes_data.csv [following]\n",
            "--2020-08-30 14:18:36--  https://raw.githubusercontent.com/DeepConnectAI/challenge-week-3/master/data/diabetes_data.csv\n",
            "Resolving raw.githubusercontent.com (raw.githubusercontent.com)... 151.101.0.133, 151.101.64.133, 151.101.128.133, ...\n",
            "Connecting to raw.githubusercontent.com (raw.githubusercontent.com)|151.101.0.133|:443... connected.\n",
            "HTTP request sent, awaiting response... 200 OK\n",
            "Length: 34161 (33K) [text/plain]\n",
            "Saving to: ‘diabetes_data.csv’\n",
            "\n",
            "diabetes_data.csv   100%[===================>]  33.36K  --.-KB/s    in 0.01s   \n",
            "\n",
            "2020-08-30 14:18:36 (2.34 MB/s) - ‘diabetes_data.csv’ saved [34161/34161]\n",
            "\n"
          ],
          "name": "stdout"
        }
      ]
    },
    {
      "cell_type": "code",
      "metadata": {
        "colab_type": "code",
        "id": "XqZrgW_if_Kq",
        "colab": {
          "base_uri": "https://localhost:8080/",
          "height": 418
        },
        "outputId": "7175c937-3fc8-4fd3-b0b5-190fb9bbb79f"
      },
      "source": [
        "# NOTE: DO NOT CHANGE THE VARIABLE NAME(S) IN THIS CELL\n",
        "# Load the data\n",
        "data = pd.read_csv(\"diabetes_data.csv\")\n",
        "data"
      ],
      "execution_count": 55,
      "outputs": [
        {
          "output_type": "execute_result",
          "data": {
            "text/html": [
              "<div>\n",
              "<style scoped>\n",
              "    .dataframe tbody tr th:only-of-type {\n",
              "        vertical-align: middle;\n",
              "    }\n",
              "\n",
              "    .dataframe tbody tr th {\n",
              "        vertical-align: top;\n",
              "    }\n",
              "\n",
              "    .dataframe thead th {\n",
              "        text-align: right;\n",
              "    }\n",
              "</style>\n",
              "<table border=\"1\" class=\"dataframe\">\n",
              "  <thead>\n",
              "    <tr style=\"text-align: right;\">\n",
              "      <th></th>\n",
              "      <th>Age</th>\n",
              "      <th>Gender</th>\n",
              "      <th>Polyuria</th>\n",
              "      <th>Polydipsia</th>\n",
              "      <th>sudden weight loss</th>\n",
              "      <th>weakness</th>\n",
              "      <th>Polyphagia</th>\n",
              "      <th>Genital thrush</th>\n",
              "      <th>visual blurring</th>\n",
              "      <th>Itching</th>\n",
              "      <th>Irritability</th>\n",
              "      <th>delayed healing</th>\n",
              "      <th>partial paresis</th>\n",
              "      <th>muscle stiffness</th>\n",
              "      <th>Alopecia</th>\n",
              "      <th>Obesity</th>\n",
              "      <th>class</th>\n",
              "    </tr>\n",
              "  </thead>\n",
              "  <tbody>\n",
              "    <tr>\n",
              "      <th>0</th>\n",
              "      <td>40</td>\n",
              "      <td>Male</td>\n",
              "      <td>No</td>\n",
              "      <td>Yes</td>\n",
              "      <td>No</td>\n",
              "      <td>Yes</td>\n",
              "      <td>No</td>\n",
              "      <td>No</td>\n",
              "      <td>No</td>\n",
              "      <td>Yes</td>\n",
              "      <td>No</td>\n",
              "      <td>Yes</td>\n",
              "      <td>No</td>\n",
              "      <td>Yes</td>\n",
              "      <td>Yes</td>\n",
              "      <td>Yes</td>\n",
              "      <td>Positive</td>\n",
              "    </tr>\n",
              "    <tr>\n",
              "      <th>1</th>\n",
              "      <td>58</td>\n",
              "      <td>Male</td>\n",
              "      <td>No</td>\n",
              "      <td>No</td>\n",
              "      <td>No</td>\n",
              "      <td>Yes</td>\n",
              "      <td>No</td>\n",
              "      <td>No</td>\n",
              "      <td>Yes</td>\n",
              "      <td>No</td>\n",
              "      <td>No</td>\n",
              "      <td>No</td>\n",
              "      <td>Yes</td>\n",
              "      <td>No</td>\n",
              "      <td>Yes</td>\n",
              "      <td>No</td>\n",
              "      <td>Positive</td>\n",
              "    </tr>\n",
              "    <tr>\n",
              "      <th>2</th>\n",
              "      <td>41</td>\n",
              "      <td>Male</td>\n",
              "      <td>Yes</td>\n",
              "      <td>No</td>\n",
              "      <td>No</td>\n",
              "      <td>Yes</td>\n",
              "      <td>Yes</td>\n",
              "      <td>No</td>\n",
              "      <td>No</td>\n",
              "      <td>Yes</td>\n",
              "      <td>No</td>\n",
              "      <td>Yes</td>\n",
              "      <td>No</td>\n",
              "      <td>Yes</td>\n",
              "      <td>Yes</td>\n",
              "      <td>No</td>\n",
              "      <td>Positive</td>\n",
              "    </tr>\n",
              "    <tr>\n",
              "      <th>3</th>\n",
              "      <td>45</td>\n",
              "      <td>Male</td>\n",
              "      <td>No</td>\n",
              "      <td>No</td>\n",
              "      <td>Yes</td>\n",
              "      <td>Yes</td>\n",
              "      <td>Yes</td>\n",
              "      <td>Yes</td>\n",
              "      <td>No</td>\n",
              "      <td>Yes</td>\n",
              "      <td>No</td>\n",
              "      <td>Yes</td>\n",
              "      <td>No</td>\n",
              "      <td>No</td>\n",
              "      <td>No</td>\n",
              "      <td>No</td>\n",
              "      <td>Positive</td>\n",
              "    </tr>\n",
              "    <tr>\n",
              "      <th>4</th>\n",
              "      <td>60</td>\n",
              "      <td>Male</td>\n",
              "      <td>Yes</td>\n",
              "      <td>Yes</td>\n",
              "      <td>Yes</td>\n",
              "      <td>Yes</td>\n",
              "      <td>Yes</td>\n",
              "      <td>No</td>\n",
              "      <td>Yes</td>\n",
              "      <td>Yes</td>\n",
              "      <td>Yes</td>\n",
              "      <td>Yes</td>\n",
              "      <td>Yes</td>\n",
              "      <td>Yes</td>\n",
              "      <td>Yes</td>\n",
              "      <td>Yes</td>\n",
              "      <td>Positive</td>\n",
              "    </tr>\n",
              "    <tr>\n",
              "      <th>...</th>\n",
              "      <td>...</td>\n",
              "      <td>...</td>\n",
              "      <td>...</td>\n",
              "      <td>...</td>\n",
              "      <td>...</td>\n",
              "      <td>...</td>\n",
              "      <td>...</td>\n",
              "      <td>...</td>\n",
              "      <td>...</td>\n",
              "      <td>...</td>\n",
              "      <td>...</td>\n",
              "      <td>...</td>\n",
              "      <td>...</td>\n",
              "      <td>...</td>\n",
              "      <td>...</td>\n",
              "      <td>...</td>\n",
              "      <td>...</td>\n",
              "    </tr>\n",
              "    <tr>\n",
              "      <th>515</th>\n",
              "      <td>39</td>\n",
              "      <td>Female</td>\n",
              "      <td>Yes</td>\n",
              "      <td>Yes</td>\n",
              "      <td>Yes</td>\n",
              "      <td>No</td>\n",
              "      <td>Yes</td>\n",
              "      <td>No</td>\n",
              "      <td>No</td>\n",
              "      <td>Yes</td>\n",
              "      <td>No</td>\n",
              "      <td>Yes</td>\n",
              "      <td>Yes</td>\n",
              "      <td>No</td>\n",
              "      <td>No</td>\n",
              "      <td>No</td>\n",
              "      <td>Positive</td>\n",
              "    </tr>\n",
              "    <tr>\n",
              "      <th>516</th>\n",
              "      <td>48</td>\n",
              "      <td>Female</td>\n",
              "      <td>Yes</td>\n",
              "      <td>Yes</td>\n",
              "      <td>Yes</td>\n",
              "      <td>Yes</td>\n",
              "      <td>Yes</td>\n",
              "      <td>No</td>\n",
              "      <td>No</td>\n",
              "      <td>Yes</td>\n",
              "      <td>Yes</td>\n",
              "      <td>Yes</td>\n",
              "      <td>Yes</td>\n",
              "      <td>No</td>\n",
              "      <td>No</td>\n",
              "      <td>No</td>\n",
              "      <td>Positive</td>\n",
              "    </tr>\n",
              "    <tr>\n",
              "      <th>517</th>\n",
              "      <td>58</td>\n",
              "      <td>Female</td>\n",
              "      <td>Yes</td>\n",
              "      <td>Yes</td>\n",
              "      <td>Yes</td>\n",
              "      <td>Yes</td>\n",
              "      <td>Yes</td>\n",
              "      <td>No</td>\n",
              "      <td>Yes</td>\n",
              "      <td>No</td>\n",
              "      <td>No</td>\n",
              "      <td>No</td>\n",
              "      <td>Yes</td>\n",
              "      <td>Yes</td>\n",
              "      <td>No</td>\n",
              "      <td>Yes</td>\n",
              "      <td>Positive</td>\n",
              "    </tr>\n",
              "    <tr>\n",
              "      <th>518</th>\n",
              "      <td>32</td>\n",
              "      <td>Female</td>\n",
              "      <td>No</td>\n",
              "      <td>No</td>\n",
              "      <td>No</td>\n",
              "      <td>Yes</td>\n",
              "      <td>No</td>\n",
              "      <td>No</td>\n",
              "      <td>Yes</td>\n",
              "      <td>Yes</td>\n",
              "      <td>No</td>\n",
              "      <td>Yes</td>\n",
              "      <td>No</td>\n",
              "      <td>No</td>\n",
              "      <td>Yes</td>\n",
              "      <td>No</td>\n",
              "      <td>Negative</td>\n",
              "    </tr>\n",
              "    <tr>\n",
              "      <th>519</th>\n",
              "      <td>42</td>\n",
              "      <td>Male</td>\n",
              "      <td>No</td>\n",
              "      <td>No</td>\n",
              "      <td>No</td>\n",
              "      <td>No</td>\n",
              "      <td>No</td>\n",
              "      <td>No</td>\n",
              "      <td>No</td>\n",
              "      <td>No</td>\n",
              "      <td>No</td>\n",
              "      <td>No</td>\n",
              "      <td>No</td>\n",
              "      <td>No</td>\n",
              "      <td>No</td>\n",
              "      <td>No</td>\n",
              "      <td>Negative</td>\n",
              "    </tr>\n",
              "  </tbody>\n",
              "</table>\n",
              "<p>520 rows × 17 columns</p>\n",
              "</div>"
            ],
            "text/plain": [
              "     Age  Gender Polyuria  ... Alopecia Obesity     class\n",
              "0     40    Male       No  ...      Yes     Yes  Positive\n",
              "1     58    Male       No  ...      Yes      No  Positive\n",
              "2     41    Male      Yes  ...      Yes      No  Positive\n",
              "3     45    Male       No  ...       No      No  Positive\n",
              "4     60    Male      Yes  ...      Yes     Yes  Positive\n",
              "..   ...     ...      ...  ...      ...     ...       ...\n",
              "515   39  Female      Yes  ...       No      No  Positive\n",
              "516   48  Female      Yes  ...       No      No  Positive\n",
              "517   58  Female      Yes  ...       No     Yes  Positive\n",
              "518   32  Female       No  ...      Yes      No  Negative\n",
              "519   42    Male       No  ...       No      No  Negative\n",
              "\n",
              "[520 rows x 17 columns]"
            ]
          },
          "metadata": {
            "tags": []
          },
          "execution_count": 55
        }
      ]
    },
    {
      "cell_type": "code",
      "metadata": {
        "colab_type": "code",
        "id": "hjCRzhp_f_Kw",
        "colab": {}
      },
      "source": [
        "# Handle categorical/binary columns"
      ],
      "execution_count": 27,
      "outputs": []
    },
    {
      "cell_type": "code",
      "metadata": {
        "id": "gX_HfNKGKeRY",
        "colab_type": "code",
        "colab": {
          "base_uri": "https://localhost:8080/",
          "height": 455
        },
        "outputId": "7b0d41b4-a37b-4f30-b415-49cd97800e55"
      },
      "source": [
        "data=pd.get_dummies(data,drop_first=True)\n",
        "data"
      ],
      "execution_count": 56,
      "outputs": [
        {
          "output_type": "execute_result",
          "data": {
            "text/html": [
              "<div>\n",
              "<style scoped>\n",
              "    .dataframe tbody tr th:only-of-type {\n",
              "        vertical-align: middle;\n",
              "    }\n",
              "\n",
              "    .dataframe tbody tr th {\n",
              "        vertical-align: top;\n",
              "    }\n",
              "\n",
              "    .dataframe thead th {\n",
              "        text-align: right;\n",
              "    }\n",
              "</style>\n",
              "<table border=\"1\" class=\"dataframe\">\n",
              "  <thead>\n",
              "    <tr style=\"text-align: right;\">\n",
              "      <th></th>\n",
              "      <th>Age</th>\n",
              "      <th>Gender_Male</th>\n",
              "      <th>Polyuria_Yes</th>\n",
              "      <th>Polydipsia_Yes</th>\n",
              "      <th>sudden weight loss_Yes</th>\n",
              "      <th>weakness_Yes</th>\n",
              "      <th>Polyphagia_Yes</th>\n",
              "      <th>Genital thrush_Yes</th>\n",
              "      <th>visual blurring_Yes</th>\n",
              "      <th>Itching_Yes</th>\n",
              "      <th>Irritability_Yes</th>\n",
              "      <th>delayed healing_Yes</th>\n",
              "      <th>partial paresis_Yes</th>\n",
              "      <th>muscle stiffness_Yes</th>\n",
              "      <th>Alopecia_Yes</th>\n",
              "      <th>Obesity_Yes</th>\n",
              "      <th>class_Positive</th>\n",
              "    </tr>\n",
              "  </thead>\n",
              "  <tbody>\n",
              "    <tr>\n",
              "      <th>0</th>\n",
              "      <td>40</td>\n",
              "      <td>1</td>\n",
              "      <td>0</td>\n",
              "      <td>1</td>\n",
              "      <td>0</td>\n",
              "      <td>1</td>\n",
              "      <td>0</td>\n",
              "      <td>0</td>\n",
              "      <td>0</td>\n",
              "      <td>1</td>\n",
              "      <td>0</td>\n",
              "      <td>1</td>\n",
              "      <td>0</td>\n",
              "      <td>1</td>\n",
              "      <td>1</td>\n",
              "      <td>1</td>\n",
              "      <td>1</td>\n",
              "    </tr>\n",
              "    <tr>\n",
              "      <th>1</th>\n",
              "      <td>58</td>\n",
              "      <td>1</td>\n",
              "      <td>0</td>\n",
              "      <td>0</td>\n",
              "      <td>0</td>\n",
              "      <td>1</td>\n",
              "      <td>0</td>\n",
              "      <td>0</td>\n",
              "      <td>1</td>\n",
              "      <td>0</td>\n",
              "      <td>0</td>\n",
              "      <td>0</td>\n",
              "      <td>1</td>\n",
              "      <td>0</td>\n",
              "      <td>1</td>\n",
              "      <td>0</td>\n",
              "      <td>1</td>\n",
              "    </tr>\n",
              "    <tr>\n",
              "      <th>2</th>\n",
              "      <td>41</td>\n",
              "      <td>1</td>\n",
              "      <td>1</td>\n",
              "      <td>0</td>\n",
              "      <td>0</td>\n",
              "      <td>1</td>\n",
              "      <td>1</td>\n",
              "      <td>0</td>\n",
              "      <td>0</td>\n",
              "      <td>1</td>\n",
              "      <td>0</td>\n",
              "      <td>1</td>\n",
              "      <td>0</td>\n",
              "      <td>1</td>\n",
              "      <td>1</td>\n",
              "      <td>0</td>\n",
              "      <td>1</td>\n",
              "    </tr>\n",
              "    <tr>\n",
              "      <th>3</th>\n",
              "      <td>45</td>\n",
              "      <td>1</td>\n",
              "      <td>0</td>\n",
              "      <td>0</td>\n",
              "      <td>1</td>\n",
              "      <td>1</td>\n",
              "      <td>1</td>\n",
              "      <td>1</td>\n",
              "      <td>0</td>\n",
              "      <td>1</td>\n",
              "      <td>0</td>\n",
